111:

¹12:

113:
111:
115:

1115.-

1122·
118:
119.-

120:
121:
1”2;
123:
1246;
124b:
125:
120:
127:
128:

129.-
iffl:

131 :
182 .·

138.-
134 .·

135.-
186.-
137:

138.-

tw.-
140.-

252

4 39 99ι 76211.. 6166.) 991 21551.
2221oe 226 226614) 266 231 246
247.

141 168 184 185 217 219 22211111 141.-

229.

141 182666.185.

140 185 216L

141 182666. 185 187 190 201 m
1371oe 141 146 14766. 185 187
190 208.

141 182666. 185187 190 201 202.
140 182666. 185.

141 182666. 185 187 190(δί6) 201
202 2⁴6L

137uss 141 182666.185.

140 185 187 201.

141 165138 185 186.

140 185 187 190 202.

140 182666. 185 186.

140 182666. 185.

92 141 173.

139 185.

140 171 179 185.

9866. 9991 139 141 149 182566.
185 186 197 202 223αμ 248.

96 98666. 139 149 185 197 229
230 243 248.

92 115 137103 247.

9166. 198 229 231 247.

771 80 81 86 88 92366. 9518 110
11051 139 142 175 185 2300116)
231 243.

187 188 189 202 222169 248.
47αμι 75⁵⁴ 76 86 91 139 176
17766.185 229 230 231 232 2338
2370116) 238 24113 247 248 250.
5428 771 88 2300113) 231.

73 86 226 246.

29⁴⁷ 47666. 696665 71 75sq. 86
91 116 128 176 fflsq. 214 217
219 222188 229 230 231 232(bis)

14¹2:-

³ 143.-

146.-
117.-

148.-
149.-

150.-

151 .·
1524
153.-
154 .·
155 .·
156 .·
157 .·
158 .·
159.-
160 .·

161.·
102.·
163.-

235 2370118) 236 246 242 24217 ’

247 246 250.

4 39 66 69 616113) 67 11606.)
113 166 176 166 19386. 199 200
229 236 261 232 236 uubis)
2411] 2473 250.

512⁸ 77ι 35 116 mnas) 231.
5468 69 87sq. 96 110 114 131

1⁶0.-
167.-
168.-
109.-

1⁷0.-

   
  
   
  
   
   
   
   
     
  
  
  
  
  
 
     
    

166 176 166 167
232 2³³ 236 mou>
2122178218.
amasenus-qq. 188„
16511622926692266
246241256.

9766. 104266. 110 111:
142 177 166 199 im
22⁰ 2³⁰ 2³¹ mhi->jz
238 2473 2480716) m {j
188 152 184 185 187 m
215 221. ,
138 185 187 iffi m m
01¹⁸ 136 156 17766. ·
93 111.
11 8866. 9413 111
15346. 176 166 166 > Ἴ ‚⁸
2262‘2923021750. · ‚f . ⁴
41 112 141 140 1oe
185 247. ’
132sq.187 188 169
231 247 250.
38 3857 68¹⁸ ω 1
156616. 165 17761
22446. 243 244 245
141 185.
11346. 173 246.
187 188 m
137¹oe 18⁶ 188 189.
141 173 185. >
1371ss 180 188 189. .
flasq 121 174 199 m·
138 171. ’
156164 19446. 247. ff
89 11366.133 141 17⁸1
232 2321 23⁹ 217⁸. ”
111sq.189187 202.
141911. 185 18⁷ 202
4ο 76ης. 7551 61176 ,.
2310116) 232 2321 239 m
66 153 155 15012 17766
.·112 24¹1.-
131sq.170180220230221
139 177sq 185 229.
117sq.110 142 mm 177 166
imis) m 229 230 2³2 w
141 185.

