 

INDICES.

[Numeri maiores paginas, minores notas respiciunt]

1. INDEX EPIGRAMMATUM.

Ι (Epigrammatum numeri Bergkiani; cs. praeterea ξ 39 n. 1.)

.· 771 136.

.· 187 188(bis) 202 220511. 222168 229
2368 247.

.’ 771 81 9284111. 96 101sqq. 110 111
193(bis) 2300015) 231 242.

.· 3sqq. 42 13sq. 13¹4 28 31sqq. 391
5428 81 85 92sqq. 1101015) 139 174
177 17901111. 185 186 194 199 201
203 205161 206 226 2290115) 2300115)
232 239 241 24112 246 247 250.

.· 3sqq. 28 3181111. 39] 43 5428 68 76
81 82 8:3(bis) 84sq. 85 91 139 174
177 179sqq. 181 184 185 186 194
199 201 203 207 208 2120118) 222168
226 2290115) 2300115) 232 239 241
242 246 247 248 250.

.· 22 2332 2743 771 85.

·'.· 3sqq. 28 3123111. 81 136102 141 142

174 177 184 185 203 205151 208
220sq. 222168 220 220005) 230000
232 230 240 247 250.

..-”.· 1411184185 187100 202 2132101110.

221 2368.

’.· 36sq. 47sqq. 67sq. 684⁷ 76 79 80
82 86 90511. 98 109 181811. 185 207
229 230 231 232(615) 2370113) 238
240 241 247 248 250.

.· 44 4751111. 68 69 755⁴ 76 86 91
9281111. 96 97sq. 109 110 111 139
177 17951111. 182 185 186 190 QH
213 213 229 230 231 2320115) 236
237 239 243 247 2473 248 250.

98

100.-

101:
102.-
103.-

104 .·
105 .·

100²:
107.-
108:

101).-

110

.· 47sqq. 7554 70 80 0050. 10050 130
140 142 104157 177 184 185 208
21850. 222155 220 230 231 232
237 238 24113 247 2473 250.
3552 11452 130 170500. 184 185
180 201 21100. 214000. 222155
222511. 230 21173.

3552 00 0750. 11452 1391705qq.
134 185 180 201 207 212 22215ς
230 2473.

00 0750. 110 130 140 142 170 182
182 185 180 220 2475.

2845 141 182410. 134 185 187 201
21sssqq. 222115 220 237 240 241 250.
05 140 184 185 187 100 202 213
21651111. 220 221.

77] 922(1(1. 110.

3552 42 115 140 170 184 185180
mouns) 201 204 214500. 217 210
222155 220 231 232 235 2305 237
230 250.

44 140 134 185 213500. 217 210
220 221.

38 78sq. 002» 109⁴⁸ 115 22050.
222155 220 231 2355 247 248
240 250.

38 80 10048 130 17000. 185 180
201 22050, 222155 223 220 231
232 235 237 230 2475 250.

140 141 140 185 187 100 202 243
248.

.- 13715510)102ςο0.181»187100201.

